N: 36.17644
E: -85.50471
S: 36.17445
W:-85.50828
